100010101
100010102
100010103
100010201
100010202
100010203
100020101
100020102
100020103
100020201
100020202
100020203
100030101
100030102
100030103
100030201
100030202
100030203
100050102
100050101
100050103
100050202
100050201
100050203
100060102
100060103
100060101
100060202
100060201
100060203
100080102
100080101
100080103
100080202
100080203
100080201
100090102
100090103
100090101
100090202
100090203
100090201
100150102
100150101
100150103
100150202
100150201
100150203
100170102
100170101
100170103
100170202
100170203
100170201
100210102
100210101
100210103
100210202
100210201
100210203
100240102
100240101
100240103
100240202
100240203
100240201